<?xml version="1.0" encoding="UTF-8" standalone="no"?>
<!DOCTYPE svg PUBLIC "-//W3C//DTD SVG 20010904//EN"
              "http://www.w3.org/TR/2001/REC-SVG-20010904/DTD/svg10.dtd">

<svg xmlns="http://www.w3.org/2000/svg"
     width="240.296mm" height="662.668mm"
     viewBox="0 0 681 1878">
  <path id="パス #1"
        fill="none" stroke="black" stroke-width="1"
        d="M 118.78,24.88
           C 118.78,24.88 183.16,24.88 183.16,24.88
             183.16,24.88 183.16,178.00 183.16,178.00
             183.16,178.00 242.00,178.00 242.00,178.00
             242.00,178.00 242.00,239.30 242.00,239.30
             242.00,239.30 183.16,239.30 183.16,239.30
             183.16,239.30 183.16,521.70 183.16,521.70
             183.16,521.70 242.00,521.70 242.00,521.70
             242.00,521.70 242.00,583.00 242.00,583.00
             242.00,583.00 55.03,583.00 55.03,583.00
             55.03,583.00 55.03,521.70 55.03,521.70
             55.03,521.70 118.78,521.70 118.78,521.70
             118.78,521.70 118.78,239.30 118.78,239.30
             118.78,239.30 55.03,239.30 55.03,239.30
             55.03,239.30 55.03,178.00 55.03,178.00
             55.03,178.00 118.78,178.00 118.78,178.00
             118.78,178.00 118.78,24.88 118.78,24.88 Z
           M 619.05,92.31
           C 619.05,92.31 337.02,92.31 337.02,92.31
             337.02,92.31 337.02,178.00 337.02,178.00
             337.02,178.00 615.97,178.00 615.97,178.00
             615.97,178.00 615.97,227.09 615.97,227.09
             615.97,305.23 608.71,367.52 594.20,413.95
             579.70,460.38 555.08,496.69 520.33,522.88
             485.58,549.05 436.73,569.09 373.80,583.00
             373.80,583.00 373.80,518.02 373.80,518.02
             416.71,507.79 450.74,492.85 475.88,473.20
             501.02,453.55 519.72,425.31 531.98,388.48
             544.25,351.65 550.80,301.92 551.61,239.30
             551.61,239.30 337.02,239.30 337.02,239.30
             337.02,239.30 337.02,583.00 337.02,583.00
             337.02,583.00 272.64,583.00 272.64,583.00
             272.64,583.00 272.64,31.00 272.64,31.00
             272.64,31.00 619.05,31.00 619.05,31.00
             619.05,31.00 619.05,92.31 619.05,92.31 Z
           M 616.34,648.00
           C 616.34,648.00 616.34,1194.00 616.34,1194.00
             616.34,1194.00 64.66,1194.00 64.66,1194.00
             64.66,1194.00 64.66,648.00 64.66,648.00
             64.66,648.00 616.34,648.00 616.34,648.00 Z
           M 373.00,982.52
           C 373.00,982.52 373.00,1132.70 373.00,1132.70
             373.00,1132.70 548.92,1132.70 548.92,1132.70
             548.92,1132.70 548.92,948.36 548.92,948.36
             548.92,948.36 407.94,948.36 407.94,948.36
             407.94,948.36 407.94,884.00 407.94,884.00
             407.94,884.00 548.92,884.00 548.92,884.00
             548.92,884.00 548.92,709.31 548.92,709.31
             548.92,709.31 373.00,709.31 373.00,709.31
             373.00,709.31 373.00,853.36 373.00,853.36
             373.00,853.36 305.58,853.36 305.58,853.36
             305.58,853.36 305.58,709.31 305.58,709.31
             305.58,709.31 132.08,709.31 132.08,709.31
             132.08,709.31 132.08,884.00 132.08,884.00
             132.08,884.00 270.62,884.00 270.62,884.00
             270.62,884.00 270.62,948.36 270.62,948.36
             270.62,948.36 132.08,948.36 132.08,948.36
             132.08,948.36 132.08,1132.70 132.08,1132.70
             132.08,1132.70 305.58,1132.70 305.58,1132.70
             305.58,1132.70 305.58,982.52 305.58,982.52
             305.58,982.52 373.00,982.52 373.00,982.52 Z
           M 371.16,1246.86
           C 371.16,1246.86 371.16,1289.77 371.16,1289.77
             371.16,1289.77 616.34,1289.77 616.34,1289.77
             616.34,1289.77 616.34,1455.28 616.34,1455.28
             616.34,1455.28 551.98,1455.28 551.98,1455.28
             551.98,1455.28 551.98,1348.00 551.98,1348.00
             551.98,1348.00 129.02,1348.00 129.02,1348.00
             129.02,1348.00 129.02,1455.28 129.02,1455.28
             129.02,1455.28 64.66,1455.28 64.66,1455.28
             64.66,1455.28 64.66,1289.77 64.66,1289.77
             64.66,1289.77 300.66,1289.77 300.66,1289.77
             300.66,1289.77 300.66,1246.86 300.66,1246.86
             300.66,1246.86 371.16,1246.86 371.16,1246.86 Z
           M 420.80,1566.27
           C 422.85,1596.10 436.85,1624.00 462.80,1649.97
             488.74,1675.94 525.01,1697.92 571.59,1715.91
             589.16,1722.86 604.08,1727.76 616.34,1730.62
             616.34,1730.62 616.34,1798.73 616.34,1798.73
             605.72,1796.29 593.25,1792.60 578.95,1787.69
             540.95,1773.76 509.08,1758.91 483.33,1743.16
             457.58,1727.40 436.53,1709.48 420.19,1689.41
             420.19,1689.41 420.19,1811.00 420.19,1811.00
             420.19,1811.00 64.66,1811.00 64.66,1811.00
             64.66,1811.00 64.66,1751.55 64.66,1751.55
             64.66,1751.55 355.83,1751.55 355.83,1751.55
             355.83,1751.55 355.83,1690.02 355.83,1690.02
             355.83,1690.02 64.66,1690.02 64.66,1690.02
             64.66,1690.02 64.66,1630.56 64.66,1630.56
             64.66,1630.56 355.83,1630.56 355.83,1630.56
             355.83,1630.56 355.83,1570.70 355.83,1570.70
             355.83,1570.70 64.66,1570.70 64.66,1570.70
             64.66,1570.70 64.66,1511.25 64.66,1511.25
             64.66,1511.25 355.83,1511.25 355.83,1511.25
             355.83,1511.25 355.83,1452.17 355.83,1452.17
             355.83,1452.17 174.98,1452.17 174.98,1452.17
             174.98,1452.17 174.98,1393.94 174.98,1393.94
             174.98,1393.94 506.02,1393.94 506.02,1393.94
             506.02,1393.94 506.02,1452.17 506.02,1452.17
             506.02,1452.17 420.19,1452.17 420.19,1452.17
             420.19,1452.17 420.19,1555.20 420.19,1555.20
             420.19,1555.20 420.80,1566.27 420.80,1566.27 Z
           M 616.34,1575.00
           C 616.34,1575.00 456.97,1575.00 456.97,1575.00
             456.97,1575.00 456.97,1513.70 456.97,1513.70
             456.97,1513.70 616.34,1513.70 616.34,1513.70
             616.34,1513.70 616.34,1575.00 616.34,1575.00 Z" />
</svg>
